DEPARTMENT A
0
1
4

0
1
4

0
1
4
0
1
4
0
1
4
0
1
4
7
10
0
1
4
7
10
0
1
4
7
10
0
1
4
7
10
0
1
4
7
10
0
1
4
7
10
0
1
4
7
10
0
1
4
7
10
0
1
4
7
10
0
1
4
7
10
0
1
4
7
10
0
1
4
7
10
0
1
4
7
10
0
1
4
7
10
0
1
4
7
10
0
1
4
7
10
0
1
4
7
10
0
1
4
7
10
0
1
4
7
10
0
1
4
7
10
0
1
4
7
10
0
1
4
7
10
0
1
4
7
10
0
1
4
7
10
0
1
4
7
10
0
1
4
7
10
0
1
4
7
10
0
1
4
7
10
